
<table style="text-align:center"><caption><strong>Correlation Matrix</strong></caption>
<tr><td colspan="11" style="border-bottom: 1px solid black"></td></tr><tr><td style="text-align:left"></td><td>aid (agricultural) per capita</td><td>aid (non-agricultural) per capita</td><td>dietary energy supply</td><td>undernourishment</td><td>conflict</td><td>post-conflict</td><td>GDP per capita</td><td>severe conflict</td><td>fragile state</td><td>natural disasters</td></tr>
<tr><td colspan="11" style="border-bottom: 1px solid black"></td></tr><tr><td style="text-align:left">aid (agricultural) per capita</td><td>1</td><td>0.62</td><td>-0.09</td><td>0.05</td><td>-0.21</td><td>-0.03</td><td>-0.21</td><td>-0.03</td><td>-0.005</td><td>0.07</td></tr>
<tr><td style="text-align:left">aid (non-agricultural) per capita</td><td>0.62</td><td>1</td><td>-0.12</td><td>0.12</td><td>-0.25</td><td>0.002</td><td>-0.25</td><td>0.0005</td><td>0.03</td><td>-0.05</td></tr>
<tr><td style="text-align:left">dietary energy supply</td><td>-0.09</td><td>-0.12</td><td>1</td><td>-0.85</td><td>-0.10</td><td>-0.07</td><td>0.54</td><td>-0.10</td><td>-0.44</td><td>-0.16</td></tr>
<tr><td style="text-align:left">undernourishment</td><td>0.05</td><td>0.12</td><td>-0.85</td><td>1</td><td>0.19</td><td>0.08</td><td>-0.64</td><td>0.14</td><td>0.57</td><td>0.10</td></tr>
<tr><td style="text-align:left">conflict</td><td>-0.21</td><td>-0.25</td><td>-0.10</td><td>0.19</td><td>1</td><td>-0.29</td><td>-0.12</td><td>0.38</td><td>0.18</td><td>0.001</td></tr>
<tr><td style="text-align:left">post-conflict</td><td>-0.03</td><td>0.002</td><td>-0.07</td><td>0.08</td><td>-0.29</td><td>1</td><td>-0.08</td><td>-0.10</td><td>0.08</td><td>-0.03</td></tr>
<tr><td style="text-align:left">GDP per capita</td><td>-0.21</td><td>-0.25</td><td>0.54</td><td>-0.64</td><td>-0.12</td><td>-0.08</td><td>1</td><td>-0.09</td><td>-0.59</td><td>-0.26</td></tr>
<tr><td style="text-align:left">severe conflict</td><td>-0.03</td><td>0.0005</td><td>-0.10</td><td>0.14</td><td>0.38</td><td>-0.10</td><td>-0.09</td><td>1</td><td>0.22</td><td>-0.06</td></tr>
<tr><td style="text-align:left">fragile state</td><td>-0.005</td><td>0.03</td><td>-0.44</td><td>0.57</td><td>0.18</td><td>0.08</td><td>-0.59</td><td>0.22</td><td>1</td><td>0.18</td></tr>
<tr><td style="text-align:left">natural disasters</td><td>0.07</td><td>-0.05</td><td>-0.16</td><td>0.10</td><td>0.001</td><td>-0.03</td><td>-0.26</td><td>-0.06</td><td>0.18</td><td>1</td></tr>
<tr><td colspan="11" style="border-bottom: 1px solid black"></td></tr></table>
